snpID	rsID	freq_bin	gene_count	dist_nearest_gene_snpsnap	friends_ld01	friends_ld02	friends_ld03	friends_ld04	friends_ld05	friends_ld06	friends_ld07	friends_ld08	friends_ld09	n_matches
2:27730940	rs1260326	41.0	11.0	11231.0	435.0	268.0	236.0	34.0	18.0	17.0	15.0	5.0	3.0	1329.0
12:56861458	rs7302925	23.0	5.0	1492.0	127.0	63.0	39.0	35.0	26.0	20.0	12.0	11.0	2.0	8783.0
16:70368909	rs12325419	11.0	28.0	11741.0	378.0	79.0	50.0	43.0	17.0	16.0	16.0	12.0	10.0	1693.0
1:100702216	rs11166420	12.0	7.0	13174.0	470.0	348.0	223.0	9.0	8.0	0.0	0.0	0.0	0.0	5162.0
19:14151809	rs12974412	21.0	3.0	9249.0	28.0	12.0	4.0	4.0	2.0	2.0	2.0	1.0	1.0	1674.0
2:65208074	rs10211524	44.0	2.0	7537.0	162.0	68.0	17.0	4.0	4.0	4.0	4.0	4.0	2.0	4976.0
4:89149144	rs7655059	20.0	4.0	3330.0	111.0	69.0	42.0	22.0	12.0	9.0	6.0	2.0	2.0	8262.0
4:89206230	rs9637599	47.0	3.0	136.0	118.0	64.0	59.0	37.0	25.0	17.0	6.0	4.0	4.0	455.0
11:116661826	rs2072560	8.0	8.0	1310.0	338.0	163.0	69.0	35.0	27.0	18.0	16.0	16.0	2.0	6806.0
17:79634162	rs8071084	19.0	13.0	768.0	340.0	243.0	196.0	191.0	184.0	88.0	54.0	28.0	19.0	3101.0
